site_prefix: cat-3062920
forcing_file: ../data/sample-cat-3062920.csv
n_steps: 10
dt: 3600
start_time: "2013032000"
end_time: "2013033123"
da: 11.418749923500716
slope: 88.582729
aspect: 242.8644693769529
lon: -121.81418
lat: 46.81953220
elev: 2446.3922737596167  # meters
h_active_layer: 0.125 # Assuming wolverine glacier value
h0_snow: 2.0  # Assuming wolverine glacier value
h0_ice: 2.0  # Assuming wolverine glacier value
h0_swe: 0.6  # Assuming wolverine glacier value
h0_iwe: 1.834  # Assuming wolverine glacier value
T_rain_snow: 0.0  # air temperature that the precip converts to snow (degree C)
